[ 8407.233820] [Project1] 7804 1587019657.110226310 1587019657.960680077
[ 8411.029304] [Project1] 7805 1587019659.655122426 1587019661.756354181
[ 8413.329098] [Project1] 7806 1587019662.530153758 1587019664.056263045
[ 8415.691393] [Project1] 7808 1587019664.870497637 1587019666.418674794
[ 8417.933569] [Project1] 7811 1587019667.170416769 1587019668.660960570
[ 8420.160244] [Project1] 7812 1587019669.410186584 1587019670.887744200
[ 8422.423095] [Project1] 7813 1587019671.650248175 1587019673.150705584
[ 8424.660582] [Project1] 7814 1587019673.905628247 1587019675.388299958
[ 8426.870374] [Project1] 7815 1587019676.134419220 1587019677.598198958
[ 8429.074843] [Project1] 7816 1587019678.334981519 1587019679.802774412
